17703542 19131712 20401472 21671232 22940992 24210752 25480512 26750272 26437110 
19131712 20600832 21891072 23181312 24471552 25761792 27052032 28342272 27964480 
20401472 21891072 23181312 24471552 25761792 27052032 28342272 29632512 29194560 
21671232 23181312 24471552 25761792 27052032 28342272 29632512 30922752 30424640 
22940992 24471552 25761792 27052032 28342272 29632512 30922752 32212992 31654720 
24210752 25761792 27052032 28342272 29632512 30922752 32212992 33503232 32884800 
25480512 27052032 28342272 29632512 30922752 32212992 33503232 34793472 34114880 
26750272 28342272 29632512 30922752 32212992 33503232 34793472 36083712 35344960 
26437110 27964480 29194560 30424640 31654720 32884800 34114880 35344960 34586390 

